0.000000000000000000e+00 -1.176467232522471033e-02 9.955584659485652299e-01
1.000000000000000000e+00 -5.942546140891301343e-02 8.804449475900303357e-01
2.000000000000000000e+00 1.217693588356555043e-02 1.155647394871716083e+00
3.000000000000000000e+00 -9.032379376272398758e-03 1.004036815311714959e+00
4.000000000000000000e+00 3.144721532687431292e-02 9.105536122141979494e-01
5.000000000000000000e+00 -7.234796319752323512e-02 1.038359539484720484e+00
6.000000000000000000e+00 -1.515162389025860937e-02 1.058334399131866777e+00
7.000000000000000000e+00 1.936955009742102191e-02 8.903207376142876495e-01
8.000000000000000000e+00 -6.823108360359718405e-02 9.026622488036284420e-01
9.000000000000000000e+00 1.802465476105678810e-02 7.919388874903288134e-01
1.000000000000000000e+01 8.077059377398213003e-02 7.169351131453371995e-01
1.100000000000000000e+01 -3.922847528296431047e-02 9.833836282593881872e-01
1.200000000000000000e+01 2.581662016908843962e-02 8.985981235338873496e-01
1.300000000000000000e+01 -3.955659623260990299e-02 8.988382191930489595e-01
1.400000000000000000e+01 -8.643569538362210966e-03 8.300264274083329896e-01
1.500000000000000000e+01 -5.524558556205208526e-02 9.616888081642624986e-01
1.600000000000000000e+01 -7.246767089189151689e-02 7.362884321426592660e-01
1.700000000000000000e+01 -9.416618764317772131e-03 8.546430503131555723e-01
1.800000000000000000e+01 -1.012915106727142328e-01 8.475608688134734781e-01
1.900000000000000000e+01 -1.487456146068042578e-02 8.726913301664824818e-01
2.000000000000000000e+01 1.120166646644732839e-01 8.118800951609771444e-01
2.100000000000000000e+01 3.614817038315297493e-02 6.829078693320784765e-01
2.200000000000000000e+01 1.922284161849948519e-02 9.721232731519283687e-01
2.300000000000000000e+01 -8.040375153458263757e-02 8.611358175255783287e-01
2.400000000000000000e+01 1.775557548280012055e-01 8.313416505318648175e-01
2.500000000000000000e+01 -1.297406909506820527e-01 8.712029884493042164e-01
2.600000000000000000e+01 2.333275743269897298e-02 8.018896476788123229e-01
2.700000000000000000e+01 -1.520881205568349881e-01 7.619634420576821832e-01
2.800000000000000000e+01 3.266803626248036135e-02 7.254265244788024036e-01
2.900000000000000000e+01 1.120568552708102877e-01 8.173861759252158965e-01
3.000000000000000000e+01 -9.632817196817301808e-02 7.258137418077904579e-01
3.100000000000000000e+01 -2.149712122385957214e-01 9.776174960788108770e-01
3.200000000000000000e+01 2.194378885548916094e-02 7.171774985869187047e-01
3.300000000000000000e+01 -6.140156351945322971e-02 6.665374569937910776e-01
3.400000000000000000e+01 -8.457080912903147674e-02 6.469534133287526689e-01
3.500000000000000000e+01 8.201202136635893369e-02 5.602267068181721044e-01
3.600000000000000000e+01 -1.729627108025879600e-01 8.128043515191930579e-01
3.700000000000000000e+01 -7.054090239413753072e-02 6.145967832193658387e-01
3.800000000000000000e+01 2.025803445189045329e-02 6.371879533860977940e-01
3.900000000000000000e+01 -2.301813114744497846e-01 5.192188035014033698e-01
4.000000000000000000e+01 -3.602318640821340623e-03 5.851582854500227970e-01
4.100000000000000000e+01 8.838092242326962833e-02 5.529752372867348109e-01
4.200000000000000000e+01 -1.654877967504830849e-01 6.604234153632544402e-01
4.300000000000000000e+01 -1.141684360630927791e-01 5.538980963610817820e-01
4.400000000000000000e+01 -9.755939016928787122e-02 6.667588407536407802e-01
4.500000000000000000e+01 9.013134149568652331e-02 4.968706538808042028e-01
4.600000000000000000e+01 2.523110691148111248e-02 6.369659226403053820e-01
4.700000000000000000e+01 -4.495078971278418378e-02 4.316648131563129986e-01
4.800000000000000000e+01 -8.738602523523614218e-02 6.773923011632309032e-01
4.900000000000000000e+01 1.411675530121139777e-01 7.977103149142267258e-01
5.000000000000000000e+01 1.152062736037689494e-01 7.095998122832573030e-01
5.100000000000000000e+01 -7.824884409305132849e-02 5.120504459689163568e-01
5.200000000000000000e+01 5.979308658854856628e-02 6.457075956679679818e-01
5.300000000000000000e+01 4.934129107972932277e-02 5.738920253139513372e-01
5.400000000000000000e+01 2.336826684328173198e-01 6.474569299235608533e-01
5.500000000000000000e+01 -1.577435900775536748e-01 6.691983712608007284e-01
5.600000000000000000e+01 -4.981841792250343154e-02 3.621403357608675710e-01
5.700000000000000000e+01 8.460105866391754229e-03 3.126646391997708885e-01
5.800000000000000000e+01 -7.611107774655637148e-02 6.464819463254599663e-01
5.900000000000000000e+01 1.034897064760456481e-01 5.341608455912444375e-01
6.000000000000000000e+01 1.358999917760422838e-02 5.411094879415462300e-01
6.100000000000000000e+01 7.356125633166549216e-02 4.352535825495513211e-01
6.200000000000000000e+01 -4.396399106002484708e-02 3.668833846353256600e-01
6.300000000000000000e+01 1.592324203456913223e-01 3.800558255227472482e-01
6.400000000000000000e+01 -1.989625138381946948e-02 4.713966908702240111e-01
6.500000000000000000e+01 -2.183489422121163981e-02 3.826226905972283099e-01
6.600000000000000000e+01 4.962359625885542219e-02 4.522416076415125552e-01
6.700000000000000000e+01 4.603185435960867322e-02 4.235312921192333491e-01
6.800000000000000000e+01 1.950671390374689174e-02 6.463607468105170284e-01
6.900000000000000000e+01 -3.845438899788460041e-02 3.614611093951339282e-01
7.000000000000000000e+01 6.584371718090247308e-03 7.381626072395484073e-01
7.100000000000000000e+01 1.030936672476742144e-01 3.433894395761970531e-01
7.200000000000000000e+01 6.488905148981857773e-02 4.039618998848905074e-01
7.300000000000000000e+01 4.680129956110705425e-02 4.001618757547897864e-01
7.400000000000000000e+01 -4.832079661773697882e-02 2.796064151817355126e-01
7.500000000000000000e+01 -6.930738437384696693e-02 5.970731877621586747e-01
7.600000000000000000e+01 -1.197438888695738848e-02 4.122801557408933282e-01
7.700000000000000000e+01 1.186019433041738194e-02 5.646619666541350391e-01
7.800000000000000000e+01 -1.407391853241111990e-01 3.834879181929691794e-01
7.900000000000000000e+01 -3.417496667984722125e-02 3.101117726961417631e-01
8.000000000000000000e+01 9.686353433332132307e-03 3.868348188610649108e-01
8.100000000000000000e+01 3.865493133856900965e-02 3.740117862502025936e-01
8.200000000000000000e+01 1.451812617423163532e-02 3.860679427936887231e-01
8.300000000000000000e+01 -6.415487587961055116e-02 4.607862190116269185e-01
8.400000000000000000e+01 1.120791881913082849e-01 6.184578795560907727e-01
8.500000000000000000e+01 -1.604092176520436897e-01 5.592418432737743528e-01
8.600000000000000000e+01 -5.189789592184421152e-02 5.663169796006524148e-01
8.700000000000000000e+01 -3.615637805226629836e-02 4.960871782520698270e-01
8.800000000000000000e+01 -5.613914252482667122e-02 3.925552035449689225e-01
8.900000000000000000e+01 2.836527037554864017e-01 4.718169817796026289e-01
9.000000000000000000e+01 -5.591433188139065258e-02 4.036015292346978311e-01
9.100000000000000000e+01 -6.840359723182769247e-02 4.293821161259725461e-01
9.200000000000000000e+01 1.704680850888606325e-01 3.981504850029943809e-01
9.300000000000000000e+01 1.254746280588097361e-02 5.409777327698699345e-01
9.400000000000000000e+01 -1.921076140076241334e-01 4.550472020035981613e-01
9.500000000000000000e+01 -1.464371524446844881e-02 3.039125719459837560e-01
9.600000000000000000e+01 -2.289779984508141103e-02 4.542139868331220853e-01
9.700000000000000000e+01 1.011603678624482527e-01 5.453290224648625895e-01
9.800000000000000000e+01 -5.080319096973345827e-03 4.720392047920915490e-01
9.900000000000000000e+01 5.010376896595600260e-03 2.861508924245962926e-01
1.000000000000000000e+02 -1.262444685388842691e-01 4.405419218460186470e-01
1.010000000000000000e+02 -2.660867071993815447e-01 4.083249857438398522e-01
1.020000000000000000e+02 5.603162885675180838e-02 4.621379348950689914e-01
1.030000000000000000e+02 8.412400835260686049e-02 2.335574501230054945e-01
1.040000000000000000e+02 1.915176842610838148e-01 1.829303170205078544e-01
1.050000000000000000e+02 1.811108054716920601e-01 3.784677362077772944e-01
1.060000000000000000e+02 -6.896827816635761610e-02 1.677360216579000807e-01
1.070000000000000000e+02 2.694459227015638669e-01 4.860837542960431135e-01
1.080000000000000000e+02 3.314084024203414747e-02 4.216307120963019850e-01
1.090000000000000000e+02 -6.235518294972097753e-02 4.153514800844353427e-01
1.100000000000000000e+02 2.482450161734906305e-02 3.153115182879908662e-01
1.110000000000000000e+02 1.478880206894609972e-01 2.954419816082828332e-01
1.120000000000000000e+02 7.794486819212526063e-02 2.842985772538128564e-01
1.130000000000000000e+02 -6.482173927592788099e-02 3.511255954586494643e-01
1.140000000000000000e+02 6.812841109375522564e-02 2.066632079090991725e-01
1.150000000000000000e+02 1.092033297929072416e-01 1.888536849901205905e-01
1.160000000000000000e+02 -2.588313919206733371e-02 3.766095948277917160e-01
1.170000000000000000e+02 -1.042426090056824094e-02 4.093563236194439070e-01
1.180000000000000000e+02 -1.308059842509047277e-01 4.607870624210391175e-01
1.190000000000000000e+02 -6.493503787936466543e-02 2.675101737998685225e-01
1.200000000000000000e+02 1.170985299798806278e-01 8.795435173207868940e-02
1.210000000000000000e+02 8.238645070674718851e-03 3.663445475598603451e-01
1.220000000000000000e+02 -4.894748621027743968e-02 3.875675042369530199e-01
1.230000000000000000e+02 8.846168998907183445e-02 4.440625068036100354e-01
1.240000000000000000e+02 -6.612070355784803455e-02 2.636954866159293975e-01
1.250000000000000000e+02 1.146641546544166779e-01 1.751363914079577255e-01
1.260000000000000000e+02 1.420668735892258693e-02 3.806124608539213638e-01
1.270000000000000000e+02 1.545878316235190647e-02 3.563666861274658593e-01
1.280000000000000000e+02 -8.996606187162288493e-02 1.588416550535706184e-01
1.290000000000000000e+02 -1.732169427637459194e-02 3.492745813637473939e-01
1.300000000000000000e+02 3.422984286294071532e-02 1.617079008501585702e-01
1.310000000000000000e+02 4.401136690184159761e-02 1.386119719145438023e-01
1.320000000000000000e+02 4.734202684196163122e-03 2.013710275951852702e-01
1.330000000000000000e+02 -3.675512002786231885e-02 2.672278374265261713e-01
1.340000000000000000e+02 1.208390500855578559e-01 3.806461722574790985e-01
1.350000000000000000e+02 -6.511170395337390060e-02 2.038289575468711090e-01
1.360000000000000000e+02 1.361505226960235682e-01 2.284476736727025226e-01
1.370000000000000000e+02 1.049220892324524354e-02 2.137228663255018868e-01
1.380000000000000000e+02 -1.772431520877971456e-01 1.982546406480465151e-01
1.390000000000000000e+02 2.011435377474853070e-01 2.040654386653741881e-01
1.400000000000000000e+02 -4.908650934377060959e-02 4.359375448628957095e-01
1.410000000000000000e+02 8.377947488673098686e-02 1.219993059462302909e-01
1.420000000000000000e+02 1.140328181643742028e-01 3.003004280078828137e-01
1.430000000000000000e+02 4.268092622098652866e-02 2.147141520212683119e-01
1.440000000000000000e+02 -3.387187359836624917e-02 2.146493530898579138e-01
1.450000000000000000e+02 1.062300078189257896e-01 2.268065293946723848e-01
1.460000000000000000e+02 -1.195926873672667132e-02 2.073924753290071477e-01
1.470000000000000000e+02 -5.911908639437520735e-02 1.655546039252389634e-01
1.480000000000000000e+02 -2.427282711808003979e-01 1.793145094998142008e-01
1.490000000000000000e+02 -8.542129384512174572e-02 2.313842951477263210e-01
1.500000000000000000e+02 1.661962076956388368e-01 1.449331217715901232e-01
1.510000000000000000e+02 4.937552074217430031e-02 3.515957636436273792e-01
1.520000000000000000e+02 4.378601428342257518e-02 1.557313089963910380e-01
1.530000000000000000e+02 1.410823336482353585e-01 2.689130426013126574e-01
1.540000000000000000e+02 1.620978794696050773e-01 1.950416449284723963e-01
1.550000000000000000e+02 -5.538266992122753418e-02 1.888033635935242316e-01
1.560000000000000000e+02 -6.652345524833045559e-03 2.457397881471457546e-01
1.570000000000000000e+02 1.382116824462154836e-01 1.796872862156454753e-01
1.580000000000000000e+02 -1.092232969946371757e-03 5.978633088455498346e-02
1.590000000000000000e+02 -9.547204895071047248e-02 9.027031336933567796e-02
1.600000000000000000e+02 -5.689882165299923328e-03 7.416352785928820301e-02
1.610000000000000000e+02 8.255280308196642769e-02 1.730559789935067483e-01
1.620000000000000000e+02 2.551841244287463700e-02 1.929556992644298474e-01
1.630000000000000000e+02 -1.174291139327109101e-02 1.435496820217677383e-01
1.640000000000000000e+02 3.733460822436425464e-02 9.589348333302569194e-02
1.650000000000000000e+02 6.446562994669385871e-02 1.880400653211950768e-01
1.660000000000000000e+02 7.552294138317039440e-02 3.499084738148129370e-01
1.670000000000000000e+02 1.844804208015299873e-01 8.735230540610103289e-02
1.680000000000000000e+02 7.110370259964468587e-02 1.903574768564005315e-01
1.690000000000000000e+02 1.287212838687972274e-02 1.254893869435292353e-01
1.700000000000000000e+02 2.324838472715779203e-01 1.371281700156240790e-01
1.710000000000000000e+02 9.051573298554252411e-02 2.048104465127146279e-01
1.720000000000000000e+02 1.263738649384127943e-01 1.244143620918672921e-01
1.730000000000000000e+02 2.027781845215615442e-01 1.636604008533110721e-01
1.740000000000000000e+02 -6.198300346857206489e-02 2.717213542022595130e-02
1.750000000000000000e+02 -5.881814747275289357e-02 4.341349520131315698e-01
1.760000000000000000e+02 8.455250637567846006e-02 2.131566652927882055e-01
1.770000000000000000e+02 2.178207411678698135e-01 2.456806488912760544e-01
1.780000000000000000e+02 6.105052534671281256e-02 6.088551227289834555e-02
1.790000000000000000e+02 4.608655231955117310e-02 1.008422397707122720e-01
1.800000000000000000e+02 4.296800320436831855e-02 2.474939614495197671e-01
1.810000000000000000e+02 -1.508896449782335947e-01 1.153341269384356160e-01
1.820000000000000000e+02 -1.414979010109602975e-02 1.523507682479790237e-01
1.830000000000000000e+02 1.725895507640024321e-02 1.908329941146115483e-01
1.840000000000000000e+02 8.550033292306694066e-02 2.463554413637585871e-01
1.850000000000000000e+02 3.884138607061216053e-02 4.189499555390684971e-01
1.860000000000000000e+02 -1.425030768098837775e-01 2.552859744356739125e-01
1.870000000000000000e+02 1.373282292802130711e-01 1.580686148487536191e-01
1.880000000000000000e+02 5.233105388244345402e-02 2.802420035399865728e-01
1.890000000000000000e+02 5.847719369930523547e-02 2.841530152397155895e-01
1.900000000000000000e+02 -2.293407106648710780e-02 1.810511682882292028e-01
1.910000000000000000e+02 -1.687633148775691261e-01 1.658335305588851671e-01
1.920000000000000000e+02 5.490652580473234096e-02 1.732711608089617661e-01
1.930000000000000000e+02 3.254008357725057116e-02 6.026054286983748010e-02
1.940000000000000000e+02 5.031700262878784774e-02 9.593180997459488379e-02
1.950000000000000000e+02 7.742381616378492259e-02 3.308095358462830315e-01
1.960000000000000000e+02 5.023593560746879988e-02 1.062796114154454796e-01
1.970000000000000000e+02 3.007824805438220894e-02 -4.449764492872146371e-02
1.980000000000000000e+02 1.056521156587671151e-01 1.096684682912327929e-01
1.990000000000000000e+02 1.711975069413962103e-01 1.397142549507644493e-01
2.000000000000000000e+02 1.608909666568394958e-01 1.668393010865790727e-01
2.010000000000000000e+02 -3.569555752678536809e-02 2.794547736957028183e-01
2.020000000000000000e+02 1.100975059872263684e-01 1.087428736139295221e-01
2.030000000000000000e+02 2.022881413777373807e-02 9.255418368652781891e-02
2.040000000000000000e+02 6.761201345787057337e-02 -8.378366454945224140e-02
2.050000000000000000e+02 1.157142104705408819e-02 3.455773205378409041e-01
2.060000000000000000e+02 -5.002295247423280133e-03 -2.514276184716612850e-04
2.070000000000000000e+02 -1.528987091955676392e-01 -1.503029942331216007e-02
2.080000000000000000e+02 2.209291239309931487e-01 1.589050817092660661e-01
2.090000000000000000e+02 3.678092789640545479e-02 2.204309413796357031e-01
2.100000000000000000e+02 3.198121939148268478e-02 2.972596765535984731e-01
2.110000000000000000e+02 -4.848938928406140020e-02 1.139607407010274631e-01
2.120000000000000000e+02 7.606320758963372453e-02 2.891245219516229148e-01
2.130000000000000000e+02 -6.169560016888214066e-02 2.584202433543514310e-02
2.140000000000000000e+02 -2.392106681316322897e-02 2.303646804273183912e-01
2.150000000000000000e+02 -1.161821866770753886e-01 6.309701263218023271e-02
2.160000000000000000e+02 9.627509932377863178e-02 3.463661200675581808e-01
2.170000000000000000e+02 1.476429843125994235e-01 2.145716043561159969e-01
2.180000000000000000e+02 1.885026476757133418e-01 7.190598931144862038e-03
2.190000000000000000e+02 1.766677739790007973e-01 1.357974737622821282e-01
2.200000000000000000e+02 -3.120019117493470773e-02 2.480916990055843929e-01
2.210000000000000000e+02 4.900477317502690416e-02 7.064674198919916603e-02
2.220000000000000000e+02 1.101093857615185745e-01 2.272956737096911706e-01
2.230000000000000000e+02 5.750784160034423664e-02 -5.887505179569617331e-02
2.240000000000000000e+02 2.081260305634277108e-01 1.701113533475632766e-01
2.250000000000000000e+02 -5.711598827039615633e-02 3.333658546032990111e-02
2.260000000000000000e+02 -3.259290481806616929e-02 2.499406689626652578e-01
2.270000000000000000e+02 6.813000045265285576e-02 2.099095253106547654e-01
2.280000000000000000e+02 2.013550970120500661e-01 1.313359257938203628e-01
2.290000000000000000e+02 7.757613956576903114e-02 2.327205223976074322e-01
2.300000000000000000e+02 2.072571059334047949e-01 2.497801409751272683e-01
2.310000000000000000e+02 1.260039813827122934e-01 3.105794424195355841e-02
2.320000000000000000e+02 1.689162627792003823e-01 9.378764631266964247e-02
2.330000000000000000e+02 -6.604127314375439484e-02 9.958865575466073483e-02
2.340000000000000000e+02 -2.201037046351709409e-02 1.570058151420422043e-01
2.350000000000000000e+02 -4.100249343392151080e-02 3.789413807544227825e-02
2.360000000000000000e+02 2.967318718353559662e-02 2.387535138409782598e-01
2.370000000000000000e+02 1.402363953748278491e-01 1.120495567047244678e-01
2.380000000000000000e+02 -1.029017572662767332e-01 -1.258979924552432184e-02
2.390000000000000000e+02 9.636762842784746264e-02 9.956380566689981837e-02
2.400000000000000000e+02 1.575504780518352799e-01 6.493260701464782791e-02
2.410000000000000000e+02 5.376487329525602571e-02 2.531742957089182511e-01
2.420000000000000000e+02 2.526948441638286469e-01 1.586046732554362848e-01
2.430000000000000000e+02 3.057770701830190840e-01 7.755724442601244495e-02
2.440000000000000000e+02 -3.258336022146181982e-02 4.843888688579939955e-02
2.450000000000000000e+02 1.335940812157199731e-01 -6.214089048318383046e-02
2.460000000000000000e+02 3.360266368010256244e-02 -6.825674767507061702e-02
2.470000000000000000e+02 6.929928100517157574e-02 1.640381434720221687e-01
2.480000000000000000e+02 5.277375888034389201e-02 2.478786291185192114e-02
2.490000000000000000e+02 8.143482206034523274e-02 2.046919840660973433e-01
2.500000000000000000e+02 -6.771876077338806477e-02 7.474708248668912591e-02
2.510000000000000000e+02 6.791787569327237262e-02 8.618850929057646215e-02
2.520000000000000000e+02 2.617120544957990957e-01 7.547930623540825834e-02
2.530000000000000000e+02 1.651142989294642760e-01 4.580318335450840606e-02
2.540000000000000000e+02 7.281922677717497794e-02 1.688792547852049908e-01
2.550000000000000000e+02 1.236153359761129333e-01 -2.945767007413248317e-02
2.560000000000000000e+02 6.135352985820046595e-02 9.528852505908930182e-02
2.570000000000000000e+02 2.404182470778712388e-02 1.113050111363998590e-01
2.580000000000000000e+02 4.098084451187403165e-02 -4.433227011409526797e-02
2.590000000000000000e+02 1.545290666977066907e-01 1.302937114933434559e-01
2.600000000000000000e+02 -9.764513676235318795e-02 7.491675429687612298e-02
2.610000000000000000e+02 -1.581749870705546901e-02 2.396450903023841783e-02
2.620000000000000000e+02 -1.072170882011064252e-02 2.437947607734127498e-01
2.630000000000000000e+02 1.342896516929378836e-01 -9.664377445027053093e-02
2.640000000000000000e+02 6.202787291069773723e-02 -4.968010965082328423e-03
2.650000000000000000e+02 3.778079508420795207e-02 1.598870874306905498e-02
2.660000000000000000e+02 6.883648659111921142e-02 -1.124598108154061110e-01
2.670000000000000000e+02 1.945753428713867805e-01 9.287259733207499368e-02
2.680000000000000000e+02 -1.059857321567249239e-01 1.107690224182177330e-01
2.690000000000000000e+02 -7.906619374936871281e-02 2.102946469801529883e-01
2.700000000000000000e+02 2.913040791190597556e-01 -3.359722011646995576e-02
2.710000000000000000e+02 4.888683399863013451e-02 1.982134056516823284e-01
2.720000000000000000e+02 2.823008037881217791e-01 1.833570698496443940e-01
2.730000000000000000e+02 1.248576030104173729e-01 8.883377936058499402e-03
2.740000000000000000e+02 2.061168329106560226e-01 -3.891455021835395212e-02
2.750000000000000000e+02 1.969548584663192714e-01 6.384538329298805603e-03
2.760000000000000000e+02 -4.306761979153858610e-02 -3.434728930778419009e-02
2.770000000000000000e+02 9.369692761428755068e-02 8.179453683438020484e-02
2.780000000000000000e+02 9.433991356859391941e-03 -1.413142782042836609e-02
2.790000000000000000e+02 2.369210737188220950e-02 7.283005405003130373e-02
2.800000000000000000e+02 1.161769969623144272e-02 2.408849919565267950e-01
2.810000000000000000e+02 3.944322603540494770e-02 -6.724286668997220273e-02
2.820000000000000000e+02 1.307886863214772766e-01 9.245240830102757768e-02
2.830000000000000000e+02 3.457551469755870688e-02 -9.709434526042580449e-03
2.840000000000000000e+02 1.481858488888796455e-01 6.396145965642438536e-02
2.850000000000000000e+02 5.857779527778420731e-02 2.248718764320657426e-01
2.860000000000000000e+02 9.596557095790825276e-02 -1.130723903683845261e-01
2.870000000000000000e+02 7.359878803967795369e-02 1.564668528865417740e-01
2.880000000000000000e+02 2.228251467742096981e-01 1.323850138750500560e-01
2.890000000000000000e+02 6.548604075877234587e-02 1.484483060002516341e-01
2.900000000000000000e+02 2.621448839104347783e-01 6.549881198338239341e-02
2.910000000000000000e+02 1.591515296184894401e-01 2.399577440985682653e-02
2.920000000000000000e+02 1.021567616209419771e-01 1.811068523542523345e-01
2.930000000000000000e+02 2.069203618456520455e-01 -5.662848675666622145e-02
2.940000000000000000e+02 2.145319259765855469e-01 1.256146354289963407e-01
2.950000000000000000e+02 2.468414950476438274e-01 -5.755412747245407940e-02
2.960000000000000000e+02 4.360593404434019715e-02 7.848248766225904283e-04
2.970000000000000000e+02 1.714597595644459238e-01 8.118281995479420532e-02
2.980000000000000000e+02 3.288607775296393809e-01 1.780508187275264276e-01
2.990000000000000000e+02 1.125438212249434133e-02 7.034057892273663792e-02
3.000000000000000000e+02 -5.431920986383675931e-02 1.404414062960717691e-01
3.010000000000000000e+02 -1.894484910091400187e-01 8.586269932498113988e-02
3.020000000000000000e+02 1.839854159591576832e-01 1.504781170868175200e-01
3.030000000000000000e+02 1.592354199916819202e-02 6.986232899284089415e-02
3.040000000000000000e+02 5.580375786350717793e-02 -3.444599986113558443e-02
3.050000000000000000e+02 6.620532121087192856e-02 1.381689082499135968e-01
3.060000000000000000e+02 2.095331052408761774e-01 3.292930800539305980e-01
3.070000000000000000e+02 3.823612587623668319e-02 -1.306485292324802705e-01
3.080000000000000000e+02 1.961513907072069407e-01 3.972819315110367316e-02
3.090000000000000000e+02 1.047892834502695408e-01 1.804296438122353352e-01
3.100000000000000000e+02 -4.131948750180518271e-02 2.124774282404667120e-02
3.110000000000000000e+02 2.463698419615442670e-01 -6.135459298791243882e-02
3.120000000000000000e+02 7.110725827790442821e-02 2.251982622542246237e-01
3.130000000000000000e+02 2.066046834422949063e-01 1.033177026911691887e-01
3.140000000000000000e+02 2.444457518187964085e-01 6.946579280456810501e-02
3.150000000000000000e+02 6.286672205006912928e-02 1.692692888522948080e-01
3.160000000000000000e+02 6.440999873882427562e-03 4.326441634467371317e-02
3.170000000000000000e+02 1.118066895634969027e-01 2.089251927991254976e-02
3.180000000000000000e+02 2.176180183002440760e-02 3.128745027520765665e-02
3.190000000000000000e+02 1.977893534738350834e-02 -9.455323498405099336e-02
3.200000000000000000e+02 2.711140494474870155e-01 6.822709986886833777e-02
3.210000000000000000e+02 2.229982289615076996e-01 -2.828064185708266398e-03
3.220000000000000000e+02 2.235747762324711840e-01 4.264569181590866648e-02
3.230000000000000000e+02 1.019518010925769963e-01 6.630324400986836730e-02
3.240000000000000000e+02 1.021570584208905536e-01 1.566196034971966411e-01
3.250000000000000000e+02 3.433622583946501217e-01 -5.073998470131436261e-02
3.260000000000000000e+02 1.749112156099068838e-01 1.123797222052190931e-01
3.270000000000000000e+02 1.268879592982449789e-02 8.394327837860010577e-02
3.280000000000000000e+02 8.515329200639029650e-02 -1.243705597704430899e-01
3.290000000000000000e+02 -6.882993749326596356e-02 1.475712721813507086e-02
3.300000000000000000e+02 1.419001652841581085e-01 1.172147996518792534e-01
3.310000000000000000e+02 3.586586160624989916e-01 -4.194926483512836923e-02
3.320000000000000000e+02 1.098320494597150865e-01 8.510725559163490050e-02
3.330000000000000000e+02 1.597922163841134224e-01 7.628668249450398786e-02
3.340000000000000000e+02 9.877753574374653622e-02 6.046404100534258363e-02
3.350000000000000000e+02 -3.336616790072152727e-02 -4.970622720332093514e-03
3.360000000000000000e+02 1.278048816312988278e-01 1.521295981866020441e-01
3.370000000000000000e+02 2.165571722460876147e-01 -4.390203420202644369e-02
3.380000000000000000e+02 -7.757395524379354090e-02 7.928221469888499517e-02
3.390000000000000000e+02 1.504958663072528124e-01 1.506674332181803799e-02
3.400000000000000000e+02 1.702246380991078167e-01 -4.334566581098743543e-02
3.410000000000000000e+02 1.804549948676694715e-01 -8.396418209651750064e-03
3.420000000000000000e+02 4.037536114486629801e-02 6.670422089446512159e-02
3.430000000000000000e+02 2.849977059186403761e-02 -3.080717006034053990e-02
3.440000000000000000e+02 -1.700577053287687102e-02 6.421023531426005293e-02
3.450000000000000000e+02 2.244635125275723508e-02 -4.457326989156345370e-02
3.460000000000000000e+02 6.447186196691639948e-02 1.638010537682433876e-01
3.470000000000000000e+02 2.654408841613879466e-01 1.037180774874267852e-01
3.480000000000000000e+02 -9.411068248739357101e-03 -3.966630957099598342e-02
3.490000000000000000e+02 -4.243631810287508410e-02 2.827710395674212784e-03
3.500000000000000000e+02 1.886317997084608622e-01 1.934593631865621707e-02
3.510000000000000000e+02 1.903230483392497341e-01 -2.133207715016175246e-02
3.520000000000000000e+02 5.981447554718372084e-02 -5.002059631446190147e-03
3.530000000000000000e+02 2.607990636169733589e-01 -1.549576423707078876e-02
3.540000000000000000e+02 -6.507603955600321788e-03 3.608448764971818046e-02
3.550000000000000000e+02 3.607104605851836621e-02 6.482537878757257954e-02
3.560000000000000000e+02 2.721113417737686113e-01 1.180961151178426885e-02
3.570000000000000000e+02 3.561527750808513026e-02 -1.594193393695811645e-01
3.580000000000000000e+02 -7.266935638370455863e-02 6.616160957402017484e-02
3.590000000000000000e+02 2.950142989521509218e-01 1.482923228489787526e-01
3.600000000000000000e+02 -1.370235943347394847e-02 -5.377909528700342001e-02
3.610000000000000000e+02 4.994593936314792315e-02 1.017061937568713159e-01
3.620000000000000000e+02 1.326739626408159345e-01 -4.782012869739092620e-02
3.630000000000000000e+02 2.683414228994595030e-01 -1.183682007042282797e-01
3.640000000000000000e+02 2.044341983685762920e-02 5.243178791876720868e-02
3.650000000000000000e+02 7.403962360397985110e-02 -1.101647609271301509e-02
3.660000000000000000e+02 9.655647969551808818e-02 -1.317332072846351398e-01
3.670000000000000000e+02 3.163186773648691830e-01 -2.222450429885902343e-02
3.680000000000000000e+02 -6.754284711499899951e-02 -1.825765339428530101e-02
3.690000000000000000e+02 1.426672460782906215e-01 2.628246350321037372e-01
3.700000000000000000e+02 1.720675773597450942e-01 1.842273038369268146e-01
3.710000000000000000e+02 1.193315347654730629e-01 -4.424356808503011884e-04
3.720000000000000000e+02 1.360774375836120986e-01 -1.036544428739646223e-01
3.730000000000000000e+02 1.575617538314796062e-01 2.150595273248352146e-01
3.740000000000000000e+02 8.121139712851921377e-02 -7.915334606229787462e-02
3.750000000000000000e+02 6.250187132928811118e-02 -2.017371819254342932e-02
3.760000000000000000e+02 1.157381944916496541e-01 1.172034770884968352e-01
3.770000000000000000e+02 1.630346679463015591e-01 -1.692672077722699731e-01
3.780000000000000000e+02 2.503939409419619344e-01 -9.674734418104799505e-02
3.790000000000000000e+02 -8.572068582945227555e-02 -3.574678386563674704e-02
3.800000000000000000e+02 1.204725588390286317e-01 1.010971027563076496e-01
3.810000000000000000e+02 2.471526393782484121e-01 -8.017447594578329395e-02
3.820000000000000000e+02 1.850801611737834251e-01 -1.190512498933426339e-01
3.830000000000000000e+02 1.932894564614243138e-01 -1.175614248122102967e-01
3.840000000000000000e+02 -3.168644186554187003e-02 -4.331476622790331882e-02
3.850000000000000000e+02 1.604873862931849027e-01 -1.114994261603975689e-01
3.860000000000000000e+02 2.576844724190975877e-01 2.758241298131409724e-01
3.870000000000000000e+02 2.541357129148719141e-01 -7.756370500806715473e-02
3.880000000000000000e+02 -1.878114315807322132e-02 -9.838051754796434123e-02
3.890000000000000000e+02 2.374738978783713650e-02 4.370115395955467136e-03
3.900000000000000000e+02 2.903201423791601510e-01 1.123057399914705393e-02
3.910000000000000000e+02 1.369889470368814977e-01 -4.894634590591429718e-02
3.920000000000000000e+02 1.233361153309880387e-01 -1.634280848991976898e-01
3.930000000000000000e+02 8.253578985577637861e-02 -4.196970279109462493e-03
3.940000000000000000e+02 -2.255256431381771898e-02 1.319220498550176535e-01
3.950000000000000000e+02 1.320532568926536809e-01 1.293682672770025133e-01
3.960000000000000000e+02 2.877622108040929216e-01 -6.336959856911386635e-02
3.970000000000000000e+02 1.410354742001285466e-01 -1.005482688586274570e-01
3.980000000000000000e+02 1.916981039538233345e-01 -1.060437926394640212e-01
3.990000000000000000e+02 2.512701403669619360e-01 1.218038711308603028e-01
4.000000000000000000e+02 9.746130699432338507e-02 -1.162677184258255475e-01
4.010000000000000000e+02 1.431829233795845757e-01 1.716333260239966962e-01
4.020000000000000000e+02 1.914076000189175730e-01 -4.289527464149283514e-02
4.030000000000000000e+02 -2.969773959526192386e-02 4.976588427538598813e-03
4.040000000000000000e+02 1.060716901191579853e-01 9.871292508050980019e-02
4.050000000000000000e+02 1.220002481387022497e-01 7.950497920193053125e-02
4.060000000000000000e+02 1.129009258448790548e-01 -7.189023599675682663e-02
4.070000000000000000e+02 3.773468555354329013e-01 4.817054676897665477e-02
4.080000000000000000e+02 7.332241592429611377e-02 -5.925992570493976430e-02
4.090000000000000000e+02 4.114437436051421315e-02 1.131642017141172435e-01
4.100000000000000000e+02 1.250088475296242674e-01 1.566062340663017596e-02
4.110000000000000000e+02 8.288824898692447041e-02 -7.569362753755934370e-02
4.120000000000000000e+02 3.169680926198625848e-01 -1.658841021376126004e-02
4.130000000000000000e+02 3.250042636074199076e-01 1.538437037662205298e-01
4.140000000000000000e+02 3.657598286622823491e-02 -8.899635104947567488e-02
4.150000000000000000e+02 2.669342605646417566e-01 -6.094251977086900113e-02
4.160000000000000000e+02 3.531459769412471639e-01 -3.454852022153678814e-02
4.170000000000000000e+02 2.705436627697403451e-01 -1.042810912983081761e-01
4.180000000000000000e+02 3.256939276006259876e-03 4.798677976341627488e-02
4.190000000000000000e+02 2.241802580590001592e-01 1.406661522522953747e-02
4.200000000000000000e+02 2.774618991793584843e-01 -8.017490570282986839e-02
4.210000000000000000e+02 1.336185771452527704e-01 -2.247225439707470906e-01
4.220000000000000000e+02 1.611324829059265218e-01 -8.908264258322588780e-02
4.230000000000000000e+02 1.661299721888153946e-01 6.729182297117417000e-02
4.240000000000000000e+02 6.246795950554187571e-02 2.113447385485475449e-01
4.250000000000000000e+02 2.494725447683807384e-01 4.193005360270053716e-02
4.260000000000000000e+02 8.457246949532613856e-02 -6.314185671287245172e-02
4.270000000000000000e+02 2.802368594789690914e-01 5.367013930585702586e-02
4.280000000000000000e+02 1.888678824991190663e-01 -6.315445497755918514e-02
4.290000000000000000e+02 1.712417532098180761e-01 -4.212971110953822595e-02
4.300000000000000000e+02 2.569995115231709093e-01 1.415943937711316471e-02
4.310000000000000000e+02 3.348582689994361039e-01 2.688395648905562152e-01
4.320000000000000000e+02 2.765426970807015050e-01 -3.006229611285037018e-02
4.330000000000000000e+02 2.086159512009732320e-01 2.021157661924498083e-01
4.340000000000000000e+02 2.720888131124124532e-01 -4.195362080047051676e-03
4.350000000000000000e+02 2.508773737010902005e-01 -3.721825641191922607e-02
4.360000000000000000e+02 1.411146944870579623e-01 1.595479257390446104e-01
4.370000000000000000e+02 3.192855304803318139e-01 4.783454805585454772e-02
4.380000000000000000e+02 8.610249181027061771e-02 -4.093129111700241629e-02
4.390000000000000000e+02 3.419230034445096544e-01 -1.341452702466468805e-01
4.400000000000000000e+02 2.120682526767547205e-01 -1.179400169973836426e-01
4.410000000000000000e+02 2.351171525089089109e-01 1.836960380373370977e-02
4.420000000000000000e+02 1.112067471846688305e-01 -5.659589091335165412e-02
4.430000000000000000e+02 2.542617360761489365e-01 4.573160117761382315e-02
4.440000000000000000e+02 1.194804786079455561e-01 -1.247179938832538720e-01
4.450000000000000000e+02 1.104882013616459435e-01 -8.407629114945726345e-02
4.460000000000000000e+02 1.466441338444530451e-01 1.447409430599131130e-01
4.470000000000000000e+02 2.625025737770301237e-01 -7.127061847226175140e-02
4.480000000000000000e+02 2.621406703511781067e-01 -1.313357471043803126e-01
4.490000000000000000e+02 2.991606127537254078e-01 -2.974437538646616808e-03
4.500000000000000000e+02 2.068045802792227161e-01 -2.173741178350249714e-02
4.510000000000000000e+02 1.445779535443410813e-01 -1.047996747982794935e-01
4.520000000000000000e+02 2.182285909445526029e-01 1.207525774979001237e-01
4.530000000000000000e+02 1.708992754646980750e-01 2.786698323807509925e-01
4.540000000000000000e+02 2.492806618840047450e-01 2.045302572095585372e-02
4.550000000000000000e+02 1.979929853454709676e-01 1.443530217162093399e-01
4.560000000000000000e+02 2.227461728357162107e-01 1.455673247643133328e-01
4.570000000000000000e+02 1.487690228037838458e-01 -1.400063512701923800e-02
4.580000000000000000e+02 2.782687877134206733e-01 1.495819443001100701e-01
4.590000000000000000e+02 1.577997202506601915e-01 1.118801271676942710e-01
4.600000000000000000e+02 2.542996934826975419e-01 1.631466304692423194e-02
4.610000000000000000e+02 3.197801469278302444e-01 -1.673930079598766607e-01
4.620000000000000000e+02 1.325642772993737561e-01 -1.079432159361875046e-02
4.630000000000000000e+02 4.688157886186990475e-01 9.372129379456518861e-02
4.640000000000000000e+02 3.301730257960248660e-01 -4.707394455039466685e-02
4.650000000000000000e+02 1.377852818398468682e-01 1.640089521228633440e-01
4.660000000000000000e+02 9.691480469488460148e-02 -9.151864337408883998e-02
4.670000000000000000e+02 2.106443882262916123e-01 8.923274351719669151e-03
4.680000000000000000e+02 3.384279305854712150e-01 3.241097894117814932e-02
4.690000000000000000e+02 1.940728756310944048e-01 5.192576218422877837e-02
4.700000000000000000e+02 2.048772408405380996e-01 5.814481250687663499e-02
4.710000000000000000e+02 2.460755354138785544e-02 1.276753415739531050e-01
4.720000000000000000e+02 2.173546982827417318e-01 1.801653267064452085e-02
4.730000000000000000e+02 2.902394916846238182e-01 1.783307568859872905e-01
4.740000000000000000e+02 3.064329399418553868e-01 -5.362066172710253098e-02
4.750000000000000000e+02 2.418978502352452375e-01 9.338709110049557560e-02
4.760000000000000000e+02 2.054231483185254004e-01 2.473907043459033263e-03
4.770000000000000000e+02 2.116365869349043916e-01 -5.791090064350587832e-03
4.780000000000000000e+02 1.426080886555692318e-01 1.877107858182346656e-01
4.790000000000000000e+02 1.555171615936567775e-01 9.038654963639332351e-02
4.800000000000000000e+02 2.533600614516862137e-01 -5.411454699634775378e-02
4.810000000000000000e+02 3.441719115226826720e-01 -5.997051944615215680e-02
4.820000000000000000e+02 3.040027042127418366e-01 8.787904238898519571e-02
4.830000000000000000e+02 3.762818231106513922e-01 -8.041405015100864737e-03
4.840000000000000000e+02 5.920272095265941004e-02 1.342692490714990639e-01
4.850000000000000000e+02 2.218243675344788168e-01 -1.906144517908937019e-01
4.860000000000000000e+02 3.831001069605624032e-01 5.537128476747663064e-02
4.870000000000000000e+02 3.215636798002575736e-01 4.802899442189222101e-02
4.880000000000000000e+02 2.532786868449993234e-01 -1.142514071909724316e-01
4.890000000000000000e+02 2.651245498558800762e-01 -7.934506105554628430e-03
4.900000000000000000e+02 2.171695062490219819e-01 2.338604622210498432e-02
4.910000000000000000e+02 3.191168638960170112e-01 1.079208800986273392e-01
4.920000000000000000e+02 1.850026465879068827e-01 5.118037109701648740e-02
4.930000000000000000e+02 3.073505285732696102e-01 -2.292337168308272166e-01
4.940000000000000000e+02 2.590533671065669563e-01 -3.746116816172062602e-02
4.950000000000000000e+02 2.485498619814871801e-01 1.752172783421282812e-02
4.960000000000000000e+02 1.547132760608935231e-01 -5.876160746441853183e-02
4.970000000000000000e+02 2.170764766638825227e-01 -1.019924929289926924e-01
4.980000000000000000e+02 3.264148990088856506e-01 -6.935224170072379346e-02
4.990000000000000000e+02 4.316675363926554265e-01 1.392466911763147741e-01
5.000000000000000000e+02 4.154826702814727879e-01 1.591114878242012518e-02
5.010000000000000000e+02 3.312335981047682676e-01 -6.040909349196735278e-02
5.020000000000000000e+02 3.333032369836480546e-01 -9.765125490287844545e-03
5.030000000000000000e+02 2.443225212825661519e-01 1.420799421733345003e-01
5.040000000000000000e+02 9.324583282012624541e-02 7.532866470070528550e-03
5.050000000000000000e+02 3.280608219457538111e-01 -8.193917957789541295e-02
5.060000000000000000e+02 2.839801873220867967e-01 -4.249864342849350024e-02
5.070000000000000000e+02 1.958446936226775625e-01 9.628943408885200228e-02
5.080000000000000000e+02 2.322156262250575920e-01 -1.044810480291015475e-02
5.090000000000000000e+02 3.252831712495838357e-01 -1.111189344078646751e-02
5.100000000000000000e+02 3.107002204319932459e-01 -2.227719376990993858e-02
5.110000000000000000e+02 1.567126083641969259e-01 7.120323418873046595e-02
5.120000000000000000e+02 2.960293696899433114e-01 -1.451561028284018562e-01
5.130000000000000000e+02 1.839386900243547007e-01 2.268806576275666370e-02
5.140000000000000000e+02 1.115552439958943376e-01 8.953330103320406713e-03
5.150000000000000000e+02 2.081084653180556021e-01 -1.220250839433574021e-02
5.160000000000000000e+02 2.360456398824067048e-01 -5.842192157263519092e-02
5.170000000000000000e+02 2.205479052066839363e-01 1.659558736721404304e-01
5.180000000000000000e+02 3.082183903702521710e-01 6.318448728732166397e-02
5.190000000000000000e+02 1.004848005526774446e-01 -8.697609357838621824e-02
5.200000000000000000e+02 1.737009166933259630e-01 -1.217630954301785889e-01
5.210000000000000000e+02 3.153144046422622360e-01 2.616335382405290955e-02
5.220000000000000000e+02 4.152030471793231037e-01 5.973758840085902078e-02
5.230000000000000000e+02 4.724920961019135612e-01 -7.262145344120048140e-02
5.240000000000000000e+02 2.997914098961224627e-01 -4.784376421870212975e-02
5.250000000000000000e+02 1.381294169359711110e-01 6.967017234490330280e-02
5.260000000000000000e+02 2.929659514453876734e-01 -1.818071408925048538e-01
5.270000000000000000e+02 4.284701748180967384e-01 3.528977947162785511e-02
5.280000000000000000e+02 3.530842300209948159e-01 -2.119462393586563076e-02
5.290000000000000000e+02 3.106509329690334553e-01 -5.897364860506778411e-02
5.300000000000000000e+02 4.092005905403388599e-01 -1.118577307493227729e-01
5.310000000000000000e+02 3.195380314358868823e-01 -1.071682898745184992e-01
5.320000000000000000e+02 1.775668784839286585e-01 -7.471021900851557151e-02
5.330000000000000000e+02 4.810387583004771539e-01 1.073731182162021847e-01
5.340000000000000000e+02 2.384517166277982103e-01 -3.985069387959620790e-02
5.350000000000000000e+02 3.800117399952788744e-01 -7.519255864433019299e-02
5.360000000000000000e+02 2.125704964456493484e-01 2.450998610687614866e-03
5.370000000000000000e+02 3.012505265517937403e-01 6.768852465735239465e-02
5.380000000000000000e+02 3.527946792106628759e-01 6.301419957851611686e-02
5.390000000000000000e+02 3.543052805122970383e-01 -9.816164408826627552e-02
5.400000000000000000e+02 2.640000641232975176e-01 1.315004913843944578e-01
5.410000000000000000e+02 2.378878083777166141e-01 8.706243849947347541e-03
5.420000000000000000e+02 2.031070984293281700e-01 3.529784898723961617e-02
5.430000000000000000e+02 2.958673691343077228e-01 5.570119050864772575e-02
5.440000000000000000e+02 8.022757993722012815e-02 4.350121661494489589e-02
5.450000000000000000e+02 3.512539414826559847e-01 -6.029117463072967281e-02
5.460000000000000000e+02 2.022995413352755012e-01 -3.046146653003099954e-03
5.470000000000000000e+02 4.588546727650189005e-02 -1.466012222019944800e-01
5.480000000000000000e+02 2.731595150618899570e-01 -1.138051454170270343e-01
5.490000000000000000e+02 6.576771372331829957e-02 1.056887147170763874e-01
5.500000000000000000e+02 4.125829222624436965e-01 8.522819819527771568e-02
5.510000000000000000e+02 2.085423820724250366e-01 1.123947978962173827e-01
5.520000000000000000e+02 4.290469597275562985e-01 5.512987102181225035e-02
5.530000000000000000e+02 4.897053563115808528e-01 5.796711327073728742e-03
5.540000000000000000e+02 4.272343406232858021e-01 -4.179742439326201292e-02
5.550000000000000000e+02 3.105293122705670150e-01 1.772736704576575173e-01
5.560000000000000000e+02 2.493973448317976516e-03 -1.877911019993264152e-01
5.570000000000000000e+02 2.121315898888582741e-01 5.297014013442306879e-02
5.580000000000000000e+02 3.032445636417712698e-01 -1.203904519443605020e-01
5.590000000000000000e+02 2.313431121441743565e-01 -5.870708042990594247e-03
5.600000000000000000e+02 2.656625033465950247e-01 -2.092307859024061800e-02
5.610000000000000000e+02 1.047656824342939053e-01 -3.939609760590491450e-02
5.620000000000000000e+02 3.685458582395657046e-01 9.241605830185815884e-02
5.630000000000000000e+02 1.628534115430649021e-01 5.426806272961415961e-02
5.640000000000000000e+02 3.472137670111377084e-01 8.006547556058378479e-02
5.650000000000000000e+02 2.558137280684014137e-01 -1.319464188530024285e-01
5.660000000000000000e+02 3.946547166563806885e-01 2.459001792366622210e-02
5.670000000000000000e+02 2.506724752886493324e-01 1.102267386619012468e-01
5.680000000000000000e+02 3.514720582919507730e-01 1.723608804842942932e-01
5.690000000000000000e+02 4.150929158918809092e-01 -5.411274044066408800e-02
5.700000000000000000e+02 2.126216241712128585e-01 -4.870161233186877381e-02
5.710000000000000000e+02 2.526918714070757743e-01 -2.201354965741826944e-02
5.720000000000000000e+02 2.954085469979006451e-01 -8.627809448945839010e-02
5.730000000000000000e+02 1.249165142101905102e-01 5.918355506482585876e-02
5.740000000000000000e+02 1.416462021020554740e-01 -9.190189332217538198e-02
5.750000000000000000e+02 2.958857686234643292e-01 6.423990715303692922e-02
5.760000000000000000e+02 2.932328306961412001e-01 -2.061254494214242658e-02
5.770000000000000000e+02 3.872887287647868160e-01 -1.789542571682237182e-01
5.780000000000000000e+02 3.794866264721771798e-01 4.828481312555588101e-02
5.790000000000000000e+02 1.955378153278950759e-01 1.193661413553858269e-01
5.800000000000000000e+02 3.388902779279295285e-01 -3.951960930610884382e-02
5.810000000000000000e+02 4.571584839419789992e-01 5.018364371649924188e-02
5.820000000000000000e+02 2.764811922285103640e-01 -2.438191014807001428e-02
5.830000000000000000e+02 4.343161567824502245e-01 -1.083828939199853181e-01
5.840000000000000000e+02 1.549947225418062957e-01 -5.251430893415133180e-03
5.850000000000000000e+02 1.205297255745514107e-01 7.657367479652743558e-02
5.860000000000000000e+02 3.445364502322387223e-01 -8.227264808617107406e-02
5.870000000000000000e+02 2.229774941272989475e-01 7.462617872208893166e-03
5.880000000000000000e+02 1.636351539822972767e-01 7.521869587855066486e-02
5.890000000000000000e+02 2.622578788040138553e-01 7.106220419326125803e-02
5.900000000000000000e+02 3.370684036177830634e-01 -1.183612155831725854e-01
5.910000000000000000e+02 5.323535227682923976e-01 5.735856407401740409e-02
5.920000000000000000e+02 3.717397347933137919e-01 -1.002270908453639468e-02
5.930000000000000000e+02 3.252163675840373802e-01 3.212828915838384508e-02
5.940000000000000000e+02 3.424884773825648820e-01 7.733840319845497469e-02
5.950000000000000000e+02 3.321911677260588336e-01 -6.177364393712331259e-03
5.960000000000000000e+02 3.828926149104243115e-01 3.376574365119318355e-02
5.970000000000000000e+02 4.726946664055396985e-01 2.539648991597240335e-02
5.980000000000000000e+02 3.982579789236089796e-01 -5.500609192616420784e-02
5.990000000000000000e+02 3.669812673584274543e-01 1.735502115326920461e-02
6.000000000000000000e+02 4.806963713354854284e-01 -2.472774279105817777e-02
6.010000000000000000e+02 2.493220749344264853e-01 -5.898190829893693726e-02
6.020000000000000000e+02 3.007236119489237192e-01 8.966503165295341971e-02
6.030000000000000000e+02 4.315603236644204865e-01 7.845255474447890287e-02
6.040000000000000000e+02 5.261644495954228562e-01 -3.431441920576436960e-02
6.050000000000000000e+02 4.360277774257792505e-01 2.518114699731477737e-02
6.060000000000000000e+02 2.954263161678841176e-01 -1.221370017037725630e-01
6.070000000000000000e+02 2.508646639291042257e-01 -2.374520978104144656e-02
6.080000000000000000e+02 3.756729054968919734e-01 6.731430163094652419e-02
6.090000000000000000e+02 2.486576407787563503e-01 4.493099410848740843e-02
6.100000000000000000e+02 3.803994634895618288e-01 -6.152561461336172877e-02
6.110000000000000000e+02 4.248237727618731641e-01 5.365703908835765118e-02
6.120000000000000000e+02 4.298884799218589126e-01 -2.245564341207892389e-02
6.130000000000000000e+02 4.279420815406088652e-01 -1.530889657641930635e-01
6.140000000000000000e+02 4.200498052240445590e-01 7.750934360574057713e-02
6.150000000000000000e+02 4.293357903387540198e-01 2.601214155186212448e-02
6.160000000000000000e+02 2.306137794244325079e-01 -1.840848388595068830e-01
6.170000000000000000e+02 4.510445334697486541e-01 -8.868124158493106979e-02
6.180000000000000000e+02 3.727250129083096719e-01 9.252591031568925539e-02
6.190000000000000000e+02 3.620894938424933374e-01 1.028184293434170893e-01
6.200000000000000000e+02 3.873105487101835553e-01 -1.710709791008093172e-01
6.210000000000000000e+02 4.268999151436457806e-01 3.114991504697786975e-02
6.220000000000000000e+02 3.407485538066585828e-01 1.046471491370267815e-03
6.230000000000000000e+02 3.554768418350571779e-01 1.839359541898382411e-01
6.240000000000000000e+02 4.367620438919957992e-01 -1.771932554480583899e-01
6.250000000000000000e+02 2.119615618831913184e-01 -1.610976551977941762e-01
6.260000000000000000e+02 3.381125314099484025e-01 1.389754402906101527e-01
6.270000000000000000e+02 4.779636953548802580e-01 1.632539960971669812e-02
6.280000000000000000e+02 3.642694005956889081e-01 1.611324210458438266e-01
6.290000000000000000e+02 3.793474586965467910e-01 -6.538014649286397195e-02
6.300000000000000000e+02 3.187359861696595908e-01 -1.514787415565889139e-01
6.310000000000000000e+02 3.636348912660526400e-01 7.608998200187522265e-02
6.320000000000000000e+02 4.971441507440461649e-01 5.399529671487048738e-02
6.330000000000000000e+02 3.316507761583968872e-01 9.808805882073216853e-02
6.340000000000000000e+02 4.629326233551009362e-01 1.461169879388691528e-01
6.350000000000000000e+02 3.181406407519984381e-01 5.928550211012040966e-02
6.360000000000000000e+02 5.558089284457501389e-01 5.033536070224062242e-02
6.370000000000000000e+02 2.957106728543196783e-01 -1.167891961673646201e-01
6.380000000000000000e+02 5.280391253938350182e-01 -8.600517464497822728e-02
6.390000000000000000e+02 4.916619497152061036e-01 -2.406613283263344880e-02
6.400000000000000000e+02 4.495521957511940947e-01 -4.815557783121289862e-03
6.410000000000000000e+02 3.627312488794939282e-01 -2.591132617333193056e-02
6.420000000000000000e+02 4.555905915368524406e-01 7.328720240751677995e-02
6.430000000000000000e+02 4.447540918589322212e-01 -1.810765386185266695e-02
6.440000000000000000e+02 6.039854437275233856e-01 -6.290656242788728036e-02
6.450000000000000000e+02 4.904098454000343499e-01 -4.545874628752767654e-02
6.460000000000000000e+02 4.704604626882982754e-01 -8.799006636754938548e-02
6.470000000000000000e+02 3.213340314950116627e-01 2.227954895384370859e-01
6.480000000000000000e+02 2.298081352517756248e-01 6.835718857652006708e-02
6.490000000000000000e+02 4.322802170541237277e-01 5.490176101405691567e-02
6.500000000000000000e+02 4.707668088178499355e-01 1.049143239559995888e-01
6.510000000000000000e+02 3.914908673055159660e-01 -2.152938253830957438e-01
6.520000000000000000e+02 5.190706515324259307e-01 2.781506944291587957e-01
6.530000000000000000e+02 3.840381305575987225e-01 -1.657509307490356854e-01
6.540000000000000000e+02 5.018454350135813646e-01 3.960129801307098185e-02
6.550000000000000000e+02 3.976894491573971235e-01 4.165804008044346474e-02
6.560000000000000000e+02 4.452633267150395979e-01 -4.150668067273848016e-02
6.570000000000000000e+02 4.812036708043025413e-01 6.992391374207279631e-02
6.580000000000000000e+02 4.834502033689654366e-01 3.013796374898675690e-01
6.590000000000000000e+02 5.171537929819114421e-01 5.688620719033707362e-02
6.600000000000000000e+02 3.771087708526687510e-01 1.342587084135253572e-01
6.610000000000000000e+02 5.324075973268487250e-01 3.997099596397712951e-02
6.620000000000000000e+02 6.771924928312426095e-01 1.451274103035058993e-01
6.630000000000000000e+02 4.859403208963727905e-01 -1.202485994215286014e-01
6.640000000000000000e+02 3.597486364614831400e-01 -1.239864549004703886e-01
6.650000000000000000e+02 4.234635598192414419e-01 -6.054578658781359368e-02
6.660000000000000000e+02 4.759563174419879639e-01 1.026616660807834480e-01
6.670000000000000000e+02 4.553652022986734993e-01 1.074396873329147989e-01
6.680000000000000000e+02 5.765589861315679743e-01 4.264738255382109766e-02
6.690000000000000000e+02 4.950194593573558066e-01 -3.608567777494091355e-02
6.700000000000000000e+02 3.585380267329437709e-01 2.333072763727056520e-02
6.710000000000000000e+02 3.994855251158287990e-01 3.074472490622181305e-03
6.720000000000000000e+02 3.996920809577741984e-01 1.908840311820890479e-01
6.730000000000000000e+02 5.088170238482762064e-01 -4.006598008803078509e-02
6.740000000000000000e+02 2.824234003143501481e-01 1.021877476962040066e-01
6.750000000000000000e+02 4.735948914711676783e-01 2.914669410666085800e-02
6.760000000000000000e+02 4.062727598876456070e-01 -8.260504873076573995e-02
6.770000000000000000e+02 2.661757646775052000e-01 -6.692539884780271398e-02
6.780000000000000000e+02 5.092552364848145219e-01 4.358982758805090424e-02
6.790000000000000000e+02 3.075349363175406414e-01 -3.851615820914972010e-02
6.800000000000000000e+02 3.764784179056190339e-01 5.172521112434027429e-02
6.810000000000000000e+02 5.118023094384446248e-01 -2.295684101511378389e-02
6.820000000000000000e+02 6.873839022498304807e-01 -5.617057137713916959e-02
6.830000000000000000e+02 6.321175391400702948e-01 -1.925088903826278897e-01
6.840000000000000000e+02 6.289049378775756205e-01 1.066901942182272162e-01
6.850000000000000000e+02 3.271507752144102721e-01 -1.419758107868589192e-02
6.860000000000000000e+02 4.644162040769734823e-01 1.170581539645600966e-01
6.870000000000000000e+02 4.913191110268689821e-01 1.348915675031347738e-01
6.880000000000000000e+02 5.200731027753369151e-01 -1.125240220337275499e-01
6.890000000000000000e+02 4.507854499643556001e-01 2.295762118795164619e-01
6.900000000000000000e+02 4.787201757664220625e-01 -1.225289379552651631e-01
6.910000000000000000e+02 3.827022970337512486e-01 3.718410042438205498e-02
6.920000000000000000e+02 3.708097962953309512e-01 7.850239215223356326e-02
6.930000000000000000e+02 4.323182307575819672e-01 6.880310420716589936e-02
6.940000000000000000e+02 6.399135853459484435e-01 5.637384815947780320e-02
6.950000000000000000e+02 2.963477383020070022e-01 5.670594562038378667e-02
6.960000000000000000e+02 4.022317521326111978e-01 2.332166448449297588e-02
6.970000000000000000e+02 4.183828147186864355e-01 5.788678311712865815e-02
6.980000000000000000e+02 6.176034143957619404e-01 6.573217315470490651e-02
6.990000000000000000e+02 3.759034881712832732e-01 -5.604087251702628836e-02
7.000000000000000000e+02 4.082385490178666587e-01 -4.252369539450592123e-02
7.010000000000000000e+02 5.256005719971778012e-01 -1.382092982223348254e-01
7.020000000000000000e+02 4.528449188370140543e-01 1.408318841579519198e-01
7.030000000000000000e+02 4.849142364159518270e-01 8.202673070775370542e-03
7.040000000000000000e+02 5.754683530327537877e-01 -4.234756868303011373e-02
7.050000000000000000e+02 4.738655374891080352e-01 7.109619025564897776e-02
7.060000000000000000e+02 5.874629229145600373e-01 5.180288837577316091e-02
7.070000000000000000e+02 4.265728199160607748e-01 -1.279555227082314894e-01
7.080000000000000000e+02 5.180211907933438553e-01 1.225341807640207559e-01
7.090000000000000000e+02 4.780715882544367412e-01 -3.830494413575514373e-02
7.100000000000000000e+02 6.138899789512725080e-01 -3.655459010135143905e-02
7.110000000000000000e+02 5.123368518314788123e-01 -6.993712745393389218e-02
7.120000000000000000e+02 6.601047771894762439e-01 1.519306129067207745e-01
7.130000000000000000e+02 3.625882789552483665e-01 1.302506977816711431e-01
7.140000000000000000e+02 4.304263229207758723e-01 8.461977259049381639e-02
7.150000000000000000e+02 4.813588046570715373e-01 1.862093220203201727e-01
7.160000000000000000e+02 4.724000802738132498e-01 1.125862544619111033e-01
7.170000000000000000e+02 5.085075201122772892e-01 -1.255202589011268910e-01
7.180000000000000000e+02 3.468039209255450173e-01 -2.101950926260638397e-01
7.190000000000000000e+02 6.663997760195805586e-01 -2.327613878546383464e-02
7.200000000000000000e+02 4.974988443765049340e-01 -3.064849765869246540e-02
7.210000000000000000e+02 3.430073709883330046e-01 -2.344025726644908408e-02
7.220000000000000000e+02 5.518423566491695853e-01 -5.611842180793982782e-03
7.230000000000000000e+02 3.442690759584268179e-01 6.154499143511647785e-02
7.240000000000000000e+02 6.163840211721016704e-01 2.806328862275184882e-02
7.250000000000000000e+02 5.913173546875410969e-01 -9.616987991928757640e-02
7.260000000000000000e+02 4.278157196860190026e-01 8.405985179981392830e-02
7.270000000000000000e+02 5.749578332509335254e-01 -1.859208946432049092e-01
7.280000000000000000e+02 6.061934084701403602e-01 8.651706254039766980e-03
7.290000000000000000e+02 4.304985518886308427e-01 -8.791789329280277898e-02
7.300000000000000000e+02 4.962975546367854873e-01 -1.373760620661347749e-02
7.310000000000000000e+02 6.698920400337913250e-01 -7.001601504215135274e-02
7.320000000000000000e+02 5.218765337024569018e-01 -1.613009325622026813e-01
7.330000000000000000e+02 6.960060899579678662e-01 8.874029960683304033e-03
7.340000000000000000e+02 8.288734378786559720e-01 -7.814456204918156235e-02
7.350000000000000000e+02 7.336931573961198438e-01 -9.401935600342864463e-02
7.360000000000000000e+02 4.293550803808848793e-01 -6.665272907955188675e-02
7.370000000000000000e+02 4.038647095017053879e-01 -3.746546388280332270e-03
7.380000000000000000e+02 4.170411424075013418e-01 -7.230768245891230905e-02
7.390000000000000000e+02 7.023074176687713610e-01 -1.183078749673732583e-01
7.400000000000000000e+02 4.662967394516994712e-01 1.049921435482313453e-01
7.410000000000000000e+02 4.823660168074110910e-01 -1.473947693862121266e-01
7.420000000000000000e+02 6.142150049892687314e-01 -4.775693960022539541e-02
7.430000000000000000e+02 4.973643289038571225e-01 -3.476984062002234227e-02
7.440000000000000000e+02 7.519103653065060122e-01 -4.702609050033312865e-02
7.450000000000000000e+02 6.720974507634137618e-01 4.839935721290341414e-02
7.460000000000000000e+02 5.695155931448732112e-01 1.590706092340251898e-01
7.470000000000000000e+02 5.240344188549237447e-01 2.236940223345374942e-03
7.480000000000000000e+02 5.902735717264556703e-01 6.168646676128653611e-02
7.490000000000000000e+02 5.366846162631689898e-01 2.178890963559481919e-01
7.500000000000000000e+02 3.743647236566037817e-01 -1.943561347317471211e-01
7.510000000000000000e+02 5.111358132831279599e-01 9.657385542850262239e-02
7.520000000000000000e+02 5.686214818429248252e-01 -6.503226329491477997e-02
7.530000000000000000e+02 4.718406986342814635e-01 -3.463587290283775405e-02
7.540000000000000000e+02 5.508960646745392209e-01 -1.730688792295229372e-01
7.550000000000000000e+02 6.226738182954251188e-01 1.323312448248417372e-01
7.560000000000000000e+02 5.170013861170945635e-01 -1.268272180246307612e-02
7.570000000000000000e+02 4.711796560988804061e-01 5.955014676844112148e-02
7.580000000000000000e+02 6.693063828925805980e-01 3.058085602699705044e-02
7.590000000000000000e+02 5.260145646416231058e-01 -1.293283407662964846e-01
7.600000000000000000e+02 5.224611640733869411e-01 -7.067796087711386219e-03
7.610000000000000000e+02 5.094114935095072072e-01 1.668964489976353383e-01
7.620000000000000000e+02 7.006078000704858422e-01 4.149543624102323969e-02
7.630000000000000000e+02 5.398493193081455033e-01 5.191409260434514533e-02
7.640000000000000000e+02 6.394272348499667746e-01 5.703701855684557842e-02
7.650000000000000000e+02 5.626070807830245712e-01 1.118852271432096840e-01
7.660000000000000000e+02 6.403142714879707098e-01 4.278849776833698604e-02
7.670000000000000000e+02 5.197201586539215157e-01 -1.189144987462241627e-02
7.680000000000000000e+02 6.928315032467786683e-01 4.441910036131833245e-02
7.690000000000000000e+02 6.407060329018989808e-01 1.110685900833931379e-02
7.700000000000000000e+02 6.276064498170284001e-01 -8.048273975447783890e-02
7.710000000000000000e+02 6.082737453528941352e-01 -5.696641942698184302e-02
7.720000000000000000e+02 5.283521460167623918e-01 -4.353783591777468653e-02
7.730000000000000000e+02 3.524599938631793883e-01 2.496987336417812176e-01
7.740000000000000000e+02 5.920732684491810671e-01 2.168837330530574703e-01
7.750000000000000000e+02 4.328471293613713744e-01 -3.862215030533854704e-02
7.760000000000000000e+02 5.522229686407398308e-01 -1.236128168233684849e-01
7.770000000000000000e+02 6.936503794046807725e-01 2.901938970550933111e-02
7.780000000000000000e+02 6.281344522308216494e-01 6.857659336443383546e-02
7.790000000000000000e+02 5.325150605291648631e-01 -1.361555353209298880e-01
7.800000000000000000e+02 5.111242371295781073e-01 -2.213302445135526333e-02
7.810000000000000000e+02 5.307175342319088163e-01 -5.192894220634514807e-02
7.820000000000000000e+02 4.938615597974721494e-01 9.710443626403374509e-03
7.830000000000000000e+02 4.482420338779210534e-01 -8.223407542106182799e-02
7.840000000000000000e+02 6.489479743876610529e-01 -3.972376127437594884e-02
7.850000000000000000e+02 6.479003887570883302e-01 6.325052534880930277e-02
7.860000000000000000e+02 8.211252080281782328e-01 -6.843929693135124281e-02
7.870000000000000000e+02 6.686780876994479206e-01 1.208120566898353843e-01
7.880000000000000000e+02 5.265574184234256272e-01 -1.320003823697486756e-02
7.890000000000000000e+02 6.683950086259156098e-01 3.626336756209715823e-02
7.900000000000000000e+02 4.633452867851640677e-01 -4.425097580928278457e-02
7.910000000000000000e+02 5.841174151417343197e-01 -2.482242149508045656e-02
7.920000000000000000e+02 5.878338380763552529e-01 -1.283508236633638389e-01
7.930000000000000000e+02 5.621545949686338473e-01 -8.997363136524108573e-02
7.940000000000000000e+02 7.062894963452768238e-01 1.686908131740345179e-02
7.950000000000000000e+02 6.640895112879049433e-01 7.274245634598407173e-02
7.960000000000000000e+02 3.330203273106662754e-01 2.209679959188197082e-02
7.970000000000000000e+02 7.001558087780331840e-01 -1.401764347099354602e-02
7.980000000000000000e+02 6.077401777466641120e-01 2.961773603799793819e-01
7.990000000000000000e+02 6.987469921846632959e-01 2.560333939644027224e-01
8.000000000000000000e+02 7.026153944558064524e-01 -5.204077860281246248e-02
8.010000000000000000e+02 6.194452170125387402e-01 2.391105585459038230e-01
8.020000000000000000e+02 7.072482530228130226e-01 1.546806484177300385e-02
8.030000000000000000e+02 7.557914126652074405e-01 -6.753877566298222002e-02
8.040000000000000000e+02 5.944474845048884903e-01 1.803597862573751848e-02
8.050000000000000000e+02 9.127289392271840107e-01 4.526522910438113972e-02
8.060000000000000000e+02 7.308985362906723626e-01 -3.526405300102986549e-03
8.070000000000000000e+02 6.308301358462660158e-01 -1.443816830867623510e-02
8.080000000000000000e+02 6.643908472798886189e-01 3.841578075433180889e-02
8.090000000000000000e+02 6.979436017444322626e-01 2.007629551661481437e-01
8.100000000000000000e+02 7.763174038887734607e-01 -6.000451632357114984e-02
8.110000000000000000e+02 5.025336511064240064e-01 -1.242395373064508583e-02
8.120000000000000000e+02 7.674527334572907034e-01 3.654725915425947186e-02
8.130000000000000000e+02 7.427704104710001198e-01 1.238333323113281204e-01
8.140000000000000000e+02 7.266793620584826030e-01 -9.642491827635610302e-02
8.150000000000000000e+02 5.801745743470034800e-01 -2.639980987239086696e-01
8.160000000000000000e+02 4.978302095969912022e-01 -8.922355484110525148e-02
8.170000000000000000e+02 4.908959527932907907e-01 -1.451423378409103238e-01
8.180000000000000000e+02 7.344615669618785869e-01 1.089087663011740759e-01
8.190000000000000000e+02 8.100392267712428485e-01 -2.965254536084575565e-01
8.200000000000000000e+02 5.932872516703060484e-01 -6.739646095073505150e-02
8.210000000000000000e+02 6.807598211877690098e-01 -1.814908170951048949e-02
8.220000000000000000e+02 6.101399852166363713e-01 -2.531664564728895381e-02
8.230000000000000000e+02 6.722897440694127758e-01 1.405407888627936142e-01
8.240000000000000000e+02 9.444179137260382273e-01 -5.716540130452633928e-02
8.250000000000000000e+02 8.260666410403323390e-01 -2.499202745339261164e-02
8.260000000000000000e+02 6.815688928824665815e-01 1.127592044569389745e-01
8.270000000000000000e+02 6.446509091006306091e-01 1.124609389340387039e-01
8.280000000000000000e+02 6.493331273412927818e-01 -6.829658990726419909e-02
8.290000000000000000e+02 5.253886438773043288e-01 -2.606421849915198721e-02
8.300000000000000000e+02 5.937656791599847939e-01 -2.934232276993616398e-02
8.310000000000000000e+02 6.723544448285225794e-01 1.377239265889508048e-02
8.320000000000000000e+02 6.866914615011763257e-01 1.278080882798247886e-01
8.330000000000000000e+02 6.181384385182739916e-01 1.476757563107707061e-01
8.340000000000000000e+02 6.741991902531365710e-01 -1.729785212313660059e-02
8.350000000000000000e+02 7.762375218362249640e-01 -3.937081894308180202e-02
8.360000000000000000e+02 6.888084669827527762e-01 -5.769119628442165131e-03
8.370000000000000000e+02 8.953304029791210317e-01 2.466981294539366820e-01
8.380000000000000000e+02 6.618483628542466413e-01 5.738577378354425829e-02
8.390000000000000000e+02 5.569528907178448174e-01 3.892691337976676019e-02
8.400000000000000000e+02 5.380211609016014584e-01 2.469224914704826884e-02
8.410000000000000000e+02 7.555353642176728668e-01 2.424367593957043043e-01
8.420000000000000000e+02 7.232678137822999842e-01 2.367557258935420322e-02
8.430000000000000000e+02 6.478656348044471436e-01 -3.139491345104995085e-02
8.440000000000000000e+02 5.832822436695191959e-01 -4.468356611473452145e-02
8.450000000000000000e+02 6.864429916075931448e-01 -6.413501115062182623e-02
8.460000000000000000e+02 7.694964389469205468e-01 -1.592455298609242731e-01
8.470000000000000000e+02 7.943058161041589571e-01 3.051417750254351371e-02
8.480000000000000000e+02 7.109706800793053061e-01 -6.983965412600791345e-02
8.490000000000000000e+02 8.305214373558648111e-01 3.448572918620013139e-02
8.500000000000000000e+02 6.663966937641079280e-01 -3.024018961224990421e-02
8.510000000000000000e+02 7.159297453005675216e-01 8.344135554724221859e-02
8.520000000000000000e+02 9.028942959477930241e-01 -2.094885770036485767e-02
8.530000000000000000e+02 7.126398808183220801e-01 7.204018125860370270e-02
8.540000000000000000e+02 8.529178557066223743e-01 1.170136474116153201e-02
8.550000000000000000e+02 7.372267707836954731e-01 -4.517785685559332770e-02
8.560000000000000000e+02 9.134858558121904393e-01 -7.683274956569788317e-02
8.570000000000000000e+02 7.350901130709877052e-01 -1.706321640430924214e-01
8.580000000000000000e+02 7.752003022820110889e-01 6.387304919859761176e-02
8.590000000000000000e+02 7.201095967960577937e-01 -1.319906962752513957e-01
8.600000000000000000e+02 5.200714200399891851e-01 -1.873689464688919545e-02
8.610000000000000000e+02 7.198636958179593925e-01 -2.760495371451646140e-02
8.620000000000000000e+02 8.495488652295052345e-01 8.911919260541413881e-03
8.630000000000000000e+02 7.961841392791060290e-01 -2.222732278387603844e-01
8.640000000000000000e+02 7.447221005714569353e-01 -1.762219495657458071e-02
8.650000000000000000e+02 7.638956917156985993e-01 1.132388630941009444e-01
8.660000000000000000e+02 7.795513462429027873e-01 -5.115784925502839253e-02
8.670000000000000000e+02 7.947129445673891679e-01 1.059334434143604647e-01
8.680000000000000000e+02 6.429486995244467762e-01 1.332021229746664648e-01
8.690000000000000000e+02 9.111441379071401059e-01 5.609399753517142762e-02
8.700000000000000000e+02 7.257758517207860693e-01 -1.710962686808984445e-01
8.710000000000000000e+02 8.754905084410679050e-01 2.077567620174282648e-01
8.720000000000000000e+02 6.184582774871514310e-01 -2.056136653787231025e-02
8.730000000000000000e+02 8.221717201329407088e-01 8.266078895136612023e-03
8.740000000000000000e+02 9.140619414093446027e-01 6.326110010056353039e-02
8.750000000000000000e+02 8.093777883952436580e-01 5.890128301871113553e-02
8.760000000000000000e+02 5.865918890780319472e-01 -1.589823953514160060e-01
8.770000000000000000e+02 6.175175371116258249e-01 -1.084550269592321758e-01
8.780000000000000000e+02 8.823441037791628361e-01 6.855571466383660051e-02
8.790000000000000000e+02 8.115065558102864118e-01 -1.441687256351013684e-02
8.800000000000000000e+02 6.983292719720176622e-01 1.833883448840980257e-01
8.810000000000000000e+02 6.335681493176914536e-01 -8.328899449817252221e-02
8.820000000000000000e+02 8.369211728891299273e-01 1.488511481369904910e-01
8.830000000000000000e+02 7.971223499339619156e-01 1.285087101191138836e-01
8.840000000000000000e+02 7.947737765050889580e-01 -1.339871696464806361e-01
8.850000000000000000e+02 8.135603005923133235e-01 -9.326913768130030979e-02
8.860000000000000000e+02 8.679917235663907604e-01 -1.517975529288408676e-01
8.870000000000000000e+02 7.873609919108373045e-01 -2.636986888378510807e-01
8.880000000000000000e+02 1.046951278702454635e+00 -7.129571327731418218e-02
8.890000000000000000e+02 8.080461258749298548e-01 -1.253120004334586091e-01
8.900000000000000000e+02 8.737048343434155040e-01 1.987480782124694256e-01
8.910000000000000000e+02 8.766252791874522554e-01 -2.275467653356703368e-01
8.920000000000000000e+02 7.025839295536377982e-01 1.529546720844233709e-01
8.930000000000000000e+02 7.707936920358747779e-01 6.511112087433074125e-02
8.940000000000000000e+02 8.754332757620981731e-01 1.068508107681838230e-02
8.950000000000000000e+02 8.825862452631022537e-01 -3.494990776533691418e-02
8.960000000000000000e+02 8.325574931028344450e-01 -7.723081879927157223e-02
8.970000000000000000e+02 8.564194991172647820e-01 -5.588040674097338040e-02
8.980000000000000000e+02 6.748994144577389331e-01 1.270433748552094178e-01
8.990000000000000000e+02 9.121931349415620671e-01 -9.396555546397396264e-02
9.000000000000000000e+02 8.633153355790338379e-01 -2.365325176016699893e-01
9.010000000000000000e+02 8.200140473533611418e-01 1.640463510565574601e-01
9.020000000000000000e+02 8.993397281708741531e-01 -6.594424729752079717e-02
9.030000000000000000e+02 8.355275146462138869e-01 -3.024920761231810265e-02
9.040000000000000000e+02 7.770681797511336253e-01 -1.146738227852690979e-02
9.050000000000000000e+02 7.406748052497214019e-01 -9.263709414838747214e-02
9.060000000000000000e+02 7.962063393532278210e-01 -9.378400001827448540e-02
9.070000000000000000e+02 6.725254512173588495e-01 1.835739644458454778e-02
9.080000000000000000e+02 7.188277179395647920e-01 -3.783599019939257874e-02
9.090000000000000000e+02 9.136281331062655608e-01 -1.192053868446826641e-02
9.100000000000000000e+02 8.137036371798909151e-01 8.256741645637984128e-02
9.110000000000000000e+02 7.644049158781457409e-01 1.895022660768603054e-02
9.120000000000000000e+02 9.013396144124841136e-01 1.964963376974046549e-02
9.130000000000000000e+02 7.893942366749227002e-01 -1.018013690233376817e-01
9.140000000000000000e+02 7.549834859770465645e-01 3.650138557641361553e-02
9.150000000000000000e+02 9.518815200456817172e-01 -6.137927841955942432e-02
9.160000000000000000e+02 9.256386560035594346e-01 -1.809170016800725964e-02
9.170000000000000000e+02 9.383160771222737173e-01 -1.102196601901524013e-02
9.180000000000000000e+02 6.926609595748818293e-01 2.669993220807605205e-02
9.190000000000000000e+02 9.301109584617678339e-01 1.743007569029609849e-01
9.200000000000000000e+02 8.324399012976234635e-01 -4.207892636698245398e-02
9.210000000000000000e+02 7.756675888636661576e-01 3.333412955572193082e-01
9.220000000000000000e+02 8.573893243894245009e-01 -3.219135982604647006e-02
9.230000000000000000e+02 1.043231785324040040e+00 7.649491295962146387e-02
9.240000000000000000e+02 8.118755408552240649e-01 8.609611074923595453e-02
9.250000000000000000e+02 5.440499491354777728e-01 1.201276939076671296e-01
9.260000000000000000e+02 6.260684957213193957e-01 6.599343419931273658e-02
9.270000000000000000e+02 7.126604977294976884e-01 -3.139627643861189754e-02
9.280000000000000000e+02 7.565409204809561139e-01 -1.732187796699366034e-03
9.290000000000000000e+02 6.903449147267592956e-01 -1.013025507078180593e-01
9.300000000000000000e+02 9.154849890401298707e-01 6.924793385819484615e-02
9.310000000000000000e+02 7.998266342003420570e-01 -9.856839150632200341e-02
9.320000000000000000e+02 9.299962677271221834e-01 3.387896958887475635e-02
9.330000000000000000e+02 8.272402152868361114e-01 6.084262184424925335e-02
9.340000000000000000e+02 6.399075756269665405e-01 -1.008005363106330571e-01
9.350000000000000000e+02 9.633082370563444963e-01 9.263781317674001092e-02
9.360000000000000000e+02 9.020921219814702630e-01 8.575042813553968024e-02
9.370000000000000000e+02 7.468495910969742413e-01 5.012507181139971846e-02
9.380000000000000000e+02 8.397173399121939941e-01 2.491096072316259860e-02
9.390000000000000000e+02 8.535212314181180870e-01 -7.860442956595010966e-02
9.400000000000000000e+02 8.670865541639464213e-01 -2.913837918011719878e-03
9.410000000000000000e+02 1.007050829958546556e+00 -1.701525859363993698e-01
9.420000000000000000e+02 8.869003454471998671e-01 -7.669568414767308218e-02
9.430000000000000000e+02 9.461502644840236176e-01 3.308068560068776198e-02
9.440000000000000000e+02 7.005073073932105432e-01 1.312228912827439337e-02
9.450000000000000000e+02 1.021726508242625231e+00 -2.037879877310137811e-02
9.460000000000000000e+02 8.561710110929035000e-01 1.617096317960069751e-01
9.470000000000000000e+02 8.800445273013001168e-01 1.311786336340338144e-01
9.480000000000000000e+02 8.304051903358309339e-01 1.245475907179263014e-01
9.490000000000000000e+02 7.040254963245105024e-01 6.148222553892074282e-02
9.500000000000000000e+02 9.452640278599241386e-01 2.051060807146218648e-02
9.510000000000000000e+02 8.826124416393495986e-01 -6.959980633420935481e-02
9.520000000000000000e+02 1.014259531025721639e+00 -9.801832419578142969e-03
9.530000000000000000e+02 1.013602083846955937e+00 6.390005968150229941e-03
9.540000000000000000e+02 9.612498735861970678e-01 5.632650809411140352e-02
9.550000000000000000e+02 1.127185818678502871e+00 -1.157535062833895817e-01
9.560000000000000000e+02 8.381080988500637652e-01 8.832103778477584655e-02
9.570000000000000000e+02 9.218373669113341107e-01 -1.068551800068655300e-01
9.580000000000000000e+02 7.980625797514659947e-01 1.722796161737883899e-02
9.590000000000000000e+02 8.875960843977604986e-01 1.833059837635055145e-01
9.600000000000000000e+02 8.593223695197866885e-01 2.533455853044249140e-01
9.610000000000000000e+02 1.024688108175400902e+00 6.000503073736782739e-02
9.620000000000000000e+02 8.244140009998612850e-01 -1.714091361468491042e-03
9.630000000000000000e+02 6.856346489615209316e-01 2.753371008096049816e-02
9.640000000000000000e+02 9.712648718238079404e-01 -4.781323845124935135e-02
9.650000000000000000e+02 7.918833810421678221e-01 7.916379092047362565e-02
9.660000000000000000e+02 9.881453405108080457e-01 -4.356133320392478747e-02
9.670000000000000000e+02 9.045438040129202273e-01 6.008781451621544173e-02
9.680000000000000000e+02 9.209461866282488973e-01 -2.843258741177139004e-02
9.690000000000000000e+02 8.347319755785425066e-01 1.819723630622430977e-01
9.700000000000000000e+02 8.616725383026392349e-01 -2.114755977911891294e-01
9.710000000000000000e+02 1.009262098958847664e+00 1.314206101537070820e-02
9.720000000000000000e+02 9.743680534261637272e-01 6.087039407597988165e-03
9.730000000000000000e+02 9.329866485270953413e-01 -7.886839529671453575e-02
9.740000000000000000e+02 9.128373097441818684e-01 -4.547773394559267296e-02
9.750000000000000000e+02 1.115848209946846303e+00 -6.019981052890459317e-02
9.760000000000000000e+02 9.397455916474942716e-01 4.469329210579976730e-02
9.770000000000000000e+02 1.128518809060748529e+00 1.037549262417939572e-01
9.780000000000000000e+02 8.967355637914525834e-01 -2.298544122507343093e-02
9.790000000000000000e+02 1.017851383285849565e+00 -6.147929215516310247e-02
9.800000000000000000e+02 7.802345953704600268e-01 -6.993182310048240424e-02
9.810000000000000000e+02 9.502146426401359980e-01 8.753454245531178124e-02
9.820000000000000000e+02 9.832791107185012702e-01 -6.153078986378710674e-02
9.830000000000000000e+02 8.200685884552637583e-01 -2.239855852593121768e-02
9.840000000000000000e+02 1.014905424973548076e+00 -8.938575908802719183e-02
9.850000000000000000e+02 9.976872038715566271e-01 -1.519938592229172214e-01
9.860000000000000000e+02 9.156718641883744292e-01 -2.980883021724550427e-02
9.870000000000000000e+02 1.010765500369904313e+00 -5.938143963511588463e-02
9.880000000000000000e+02 1.019140638189627079e+00 4.458788330037875489e-03
9.890000000000000000e+02 1.023043157071143128e+00 -6.768770381869185226e-02
9.900000000000000000e+02 1.144772786063359415e+00 -6.497153328053069388e-02
9.910000000000000000e+02 7.752503941626848194e-01 2.901961536636140163e-02
9.920000000000000000e+02 8.625969544261028465e-01 -6.213548234987818081e-02
9.930000000000000000e+02 1.046224276448076695e+00 -1.244250165471580752e-02
9.940000000000000000e+02 1.058864662766652698e+00 -5.549497100639166729e-03
9.950000000000000000e+02 1.087360206744246938e+00 1.610136868156438958e-02
9.960000000000000000e+02 9.238790309013544810e-01 -3.088621567066486551e-02
9.970000000000000000e+02 8.644717411927503870e-01 9.850538509799784681e-02
9.980000000000000000e+02 8.225347143498721314e-01 5.822258307654150367e-02
9.990000000000000000e+02 9.833852940584393298e-01 9.312409557116128889e-02
1.000000000000000000e+03 1.045506910650137122e+00 2.920068538352938933e-02
